udp-calcite=[24, 44, 46, 51, 61, 71, 74, 82, 105, 123, 128, 135, 140, 146, 181, 183, 187, 197, 199, 209, 225, 229, 230]
udp-spark=[8, 9, 10, 48, 59, 63, 71, 77, 78, 79, 80, 81, 83, 85, 88, 94, 96, 98, 99, 101]
udp-tpcc=[]
udp-tpch=[]
spes-calcite=[9, 13, 19, 23, 24, 25, 27, 28, 37, 39, 40, 42, 44, 46, 49, 51, 52, 53, 60, 61, 63, 65, 67, 71, 74, 76, 77, 80, 82, 84, 85, 86, 87, 88, 90, 96, 102, 105, 107, 109, 110, 113, 114, 115, 117, 120, 123, 124, 125, 126, 128, 129, 130, 135, 140, 141, 145, 146, 148, 149, 150, 151, 153, 156, 157, 170, 172, 173, 175, 176, 177, 181, 183, 184, 187, 188, 189, 190, 192, 193, 195, 196, 197, 199, 202, 203, 204, 208, 209, 212, 213, 214, 218, 219, 225, 229, 230, 231, 232]
spes-spark=[1, 2, 3, 4, 5, 8, 9, 10, 11, 12, 13, 15, 16, 18, 19, 20, 21, 22, 34, 36, 48, 49, 52, 56, 57, 59, 63, 65, 66, 67, 68, 69, 71, 77, 78, 79, 80, 81, 82, 83, 84, 86, 87, 88, 94, 96, 98, 99, 101, 102, 103, 104, 105, 108, 113, 114]
spes-tpcc=[1, 2, 4, 5, 6, 7, 8, 9, 10, 11, 13, 14, 15, 17, 18]
spes-tpch=[]
wetune-calcite=[1, 7, 10, 13, 23, 24, 27, 34, 35, 37, 38, 42, 43, 44, 46, 47, 48, 51, 60, 61, 63, 67, 69, 71, 75, 76, 82, 86, 87, 88, 93, 94, 96, 98, 99, 100, 101, 103, 105, 107, 109, 110, 113, 114, 117, 120, 124, 129, 130, 135, 140, 146, 148, 149, 151, 156, 167, 172, 173, 181, 183, 184, 187, 188, 189, 195, 196, 199, 204, 208, 209, 214, 215, 219, 223, 225, 229, 232]
wetune-spark=[6, 8, 9, 41, 46, 48, 49, 50, 59, 65, 67, 71, 74, 75, 76, 77, 78, 79, 80, 83, 84, 94, 95, 96, 108, 110, 111, 112, 115, 117, 118]
wetune-tpcc=[]
wetune-tpch=[]
